%YAML:1.0
---
model_type: PINHOLE
camera_name: camera
image_width: 1280
image_height: 720
distortion_parameters:
   k1: -0.37469332854574744
   k2: 0.13203277893592547
   p1: -5.57678621592838e-05
   p2: -0.000494463626747163
projection_parameters:
   fx: 963.961909040063
   fy: 964.0912068078401
   cx: 646.713110388029
   cy: 348.1844141218287
