%YAML:1.0
---
model_type: PINHOLE
camera_name: pinhole
image_width: 640
image_height: 400
distortion_parameters:
   k1: 0.016091303578963344
   k2: -0.011344335069289495
   p1: -0.0008795549478805637
   p2:  -0.005632996621042624
projection_parameters:
   fx: 442.931015264571
   fy: 441.93614586397524
   cx: 231.15973865138125
   cy: 215.473602479084
