%YAML:1.0
---
model_type: PINHOLE
camera_name: pinhole
image_width: 640
image_height: 400
distortion_parameters:
   k1: 0.013573689378412924
   k2: -0.016087141110099495
   p1: -0.0007260151398105094
   p2:  -0.0022574118525070367
projection_parameters:
   fx: 442.4837729588325
   fy: 442.22434041414095
   cx: 233.9790544564645
   cy: 214.60736885141566
