%YAML:1.0
---
model_type: PINHOLE
camera_name: pinhole
image_width: 512
image_height: 512
distortion_parameters:
   k1: 0.0034823894022493434
   k2: 0.0007150348452162257
   p1: -0.0020532361418706202
   p2:  0.00020293673591811182
projection_parameters:
   fx: 190.97847715128717
   fy: 190.9733070521226
   cx: 254.93170605935475
   cy: 256.8974428996504
